Potential of mean force on K+ in water
         2         1
       15.0267420457         .0000000000         .0000000000
         .0000000000       15.0267420457         .0000000000
         .0000000000         .0000000000       15.0267420457
OW               1
     .6737543037        -2.533871039         4.341299547    
     1.206828885        -6.938992019        -2.792675306    
     835.1551781         2614.865922         1747.452559    
HW               2
     .3135705220        -2.431626305         3.414038166    
    -8.820321841        -25.68548735        -1.451163777    
    -530.7597447         390.1784821         833.6217341    
HW               3
     .9946264752E-01    -3.172722493         4.853215483    
     6.819924210         2.628783801         16.39843675    
     1749.536095        -1067.042492        -611.0270224    
OW               4
    -5.091042518         1.366291671        -1.167586373    
    -.3366504297        -7.304189191        -3.366856203    
     335.5110679        -87.13122589        -1010.515599    
HW               5
    -5.405973075         .4567850067        -1.438909764    
     9.500272865        -13.05975841         3.842421209    
     793.8682059        -502.3219229         1105.684073    
HW               6
    -4.208816591         1.555693923        -1.598636499    
    -1.196577432        -2.136752556        -2.920030070    
     118.2835856        -90.93654605         165.8168467    
OW               7
    -5.989740295        -3.708912318         4.930828310    
    -4.227945120         5.373632475         .8151703839    
     1247.399356         262.7447041        -635.7863371    
HW               8
    -6.941738378        -3.545475368         4.672007861    
    -4.025711617        -2.069943213        -4.970502154    
     282.1664457        -8.848734790        -511.7347436    
HW               9
    -5.548910139        -4.278326225         4.236971993    
     6.156386013         13.55249545         .4502436461    
    -169.9664130        -1286.851646         1208.197800    
OW              10
     4.250102944        -1.629648908         2.597704042    
    -4.024889535        -5.018635269         9.159261666    
     862.3736925        -1536.207410        -2147.772017    
HW              11
     4.009262652        -1.745741988         1.634107466    
    -19.84810525        -15.15795674         13.94778021    
    -1412.609225        -746.2607891         565.0178737    
HW              12
     3.526715624        -1.119319227         3.062757173    
     2.390967489        -2.176281865         16.23213813    
     544.1370240        -287.7435166         696.6185267    
OW              13
     4.885182104        -4.163716067         .5431817872    
    -3.582248480        -5.536762133        -.4191200417    
     3227.796941        -515.6443665        -1992.399044    
HW              14
     5.140618605        -4.496705223        -.3644912949    
    -2.242664529         .9096795459        -2.459098882    
     669.7378831         168.2078878        -21.67244601    
HW              15
     5.000631041        -4.898033102         1.212098854    
     .5692306794        -8.756588194        -4.603238734    
    -759.8873572        -298.3703913        -333.6216177    
OW              16
     2.441074866        -.2363867131         3.924091009    
     2.256223030         5.563297375        -2.108996412    
    -3470.311916        -217.4063968         3852.861788    
HW              17
     2.012439929        -1.115011131         4.134545845    
    -6.513475372         14.43352789         20.13252136    
     517.0314405         397.5801161         427.8909065    
HW              18
     1.735750820         .4270640996         3.674389137    
     6.654539343         11.29174832         .4538345481    
     37.17604627        -563.3247591        -1570.834208    
OW              19
    -3.694941341         6.196234169         1.499957614    
    -.8994468976         3.063292290         1.876551736    
    -621.9232571         2131.691778         734.7993624    
HW              20
    -3.583015051         6.419989528         2.468154936    
     9.005691160         9.621516367        -.6328335718    
    -1433.657678        -1192.431089         261.4971194    
HW              21
    -4.391404992         6.791265739         1.098864331    
    -5.105824663         .2549454355         4.927862136    
     1210.936389         1306.872816        -190.9255960    
OW              22
    -6.798001922        -5.879490284        -2.684927117    
     9.773658290        -6.685917768        -5.299514954    
     58.78408863        -2054.667947         1332.174875    
HW              23
    -7.168387756        -5.250001498        -2.001876452    
     4.514879791        -4.467474833        -10.11445595    
     1820.906081         853.2238008         29.83633762    
HW              24
    -6.334859223        -6.636443270        -2.223927087    
     9.009142354        -3.588208503         .6532669825    
     1382.948534         705.7467417        -34.33363176    
OW              25
     5.277141885        -6.033684040         6.281151040    
    -8.365929020        -5.637273373        -2.645085150    
     2820.433799        -2289.284386         97.10327047    
HW              26
     5.903299879        -6.055950465         5.501772837    
    -2.779425782        -6.530972202         1.802646269    
    -129.2452910        -892.0065042        -142.1917150    
HW              27
     4.338586787        -5.931062027         5.951631601    
    -5.751986463        -2.553711916        -9.313330698    
     370.9864180         2340.967377         376.5866366    
OW              28
     6.254893091        -3.433548936        -4.338123463    
     2.670921857        -.2920885191         2.185062033    
     2849.066219         67.82604011        -2050.229510    
HW              29
     6.453076906        -2.523797831        -3.973327469    
    -26.80240926         16.86174496        -20.06537748    
     1147.727543        -1755.416823        -1159.810470    
HW              30
     6.440873770        -3.446305774        -5.320594056    
    -21.83272659        -9.115275043        -3.052729162    
    -98.88985679        -3298.969332         460.1606032    
OW              31
     5.449834451         5.224244161        -2.320349215    
     1.602424765        -4.151907835        -1.222265541    
     901.1318717        -3846.554394         1656.596184    
HW              32
     4.844627235         4.631732670        -1.788696727    
    -.1053831500         6.697761948         9.360116255    
    -187.3310326         899.2688814         809.4493014    
HW              33
     6.343009151         5.275124128        -1.873526887    
     7.850887322        -13.24051246        -12.14193563    
    -742.1571383         766.3386527         846.8074970    
OW              34
    -6.142490398         4.764032525        -3.367168621    
     3.224288385        -3.387819024         2.129985851    
    -4174.177851        -2824.499762         334.0625214    
HW              35
    -6.872498928         4.387881386        -3.937780465    
    -1.762817016         26.79493378        -13.43852039    
     1921.169543        -1674.185497         744.3081181    
HW              36
    -5.388465432         4.109160602        -3.316285175    
    -15.77668295        -26.70692502         1.267494488    
     638.1229638         2667.365028        -1045.544752    
OW              37
     3.999965411        -.2208282191         6.674639222    
    -3.942076951         6.271133612         1.182839477    
    -1987.368558         2283.531090        -2354.116151    
HW              38
     3.837716329         .5105894399         7.336986149    
    -13.37498332         8.632381368        -3.559718822    
     226.0939468         522.5980744        -656.3894218    
HW              39
     3.390793623        -.1014744587         5.890633852    
     25.20611783         19.48877675        -21.39782056    
     977.1037965        -392.0632611         834.8048421    
OW              40
    -5.152938937         3.134722589        -6.922996200    
     2.477866100         1.348462046        -8.801916116    
     1833.254712        -4824.973747         840.6856519    
HW              41
    -5.359443024         2.684999908         7.234777732    
     4.928215529         19.95703800        -19.54983661    
    -1140.708808         1091.709122         64.36899448    
HW              42
    -5.920102220         3.011446757        -6.293501500    
    -10.94572056         9.273288117        -22.91135703    
     626.8374999         1389.879647         323.3752383    
OW              43
    -1.491808737        -2.758080787         7.475460602    
    -10.80340876         4.600699870        -3.888181227    
    -3162.079024        -1373.130513         717.6374651    
HW              44
    -1.482130088        -2.977104774        -6.575609968    
    -4.793274564         20.61591682        -.3949051195E-01
     1348.829820        -282.4092283        -310.7412141    
HW              45
    -1.110227096        -3.524164107         6.958245162    
    -19.28703132        -6.399885324         5.602769416    
    -951.3547605         277.2651578        -486.0094604    
OW              46
     3.353404675         3.970818323         2.236504371    
     .4670393177         2.871157434        -2.461261067    
    -936.6418905         659.2156931        -2004.407885    
HW              47
     3.838658778         3.246970916         2.726987194    
     5.162418133        -2.382956888        -14.46784454    
    -1923.334922        -684.2008765         174.3059842    
HW              48
     3.622327286         4.860829937         2.604689062    
     9.444450816        -.6037423197        -.3564264915    
    -1152.689109        -537.2728615         1743.596925    
OW              49
    -.4592792119E-01     5.606537064         7.266861203    
    -.1899482998        -.8930037538         2.536441817    
     76.60411628         1327.323920         2996.246978    
HW              50
     .6107348203         5.142335802        -7.165480943    
    -13.71578664         2.952420273         21.40825511    
    -.6179935294         434.9135508        -532.9121926    
HW              51
    -.6974974119         4.939618791         6.905368153    
    -6.007994468        -.1472145966         11.33958514    
     433.7576488         558.5499326        -1009.347644    
OW              52
    -6.868196859         4.840049758        -.6659886872    
    -2.803581828        -4.516877399         1.643713913    
    -415.0673496         591.4789772        -2789.495230    
HW              53
    -6.669830773         3.942375480        -.2725019716    
    -.7558919400        -5.764636516        -2.183612072    
     178.8240367         505.0013776         698.6246611    
HW              54
    -6.785493397         4.793096056        -1.661456163    
    -15.40781084        -3.309022691         .3779286324    
     2220.065659        -272.1274526         314.4681058    
OW              55
    -2.809888392         4.333024669         7.493682227    
     5.533020297        -6.079471306        -4.398471347    
     4121.415937        -2471.611937         1332.768274    
HW              56
    -2.189834426         4.550426864        -6.779223383    
    -10.26309574         6.802653226         5.557579769    
    -1706.515516         64.55740224         1185.551061    
HW              57
    -3.628734813         3.886278675        -7.172631513    
     1.408091371        -7.413713830        -15.05841114    
    -1652.786279         2455.581761        -1246.747439    
OW              58
     .8014529231         1.654702911         7.252932953    
     2.110633754         1.904942326        -4.538711714    
    -2754.145378        -2062.746337        -101.9261200    
HW              59
     .7448590386         .6613671290         7.152527943    
    -9.660037083         2.963911602        -10.06555220    
     824.3042224         47.87851317        -216.5262498    
HW              60
     1.728791619         1.959236405         7.035442028    
     10.06678134        -9.252877083         11.69861420    
    -187.8531274         332.4955162         2125.655998    
OW              61
     2.962777016         1.112036314        -1.953092460    
    -2.883642315        -6.858742363        -.5172858179    
     2117.669821        -2299.193423        -4183.097452    
HW              62
     3.012711485         1.102929117        -.9543814808    
     6.868328785        -13.63684287        -.9261685640    
    -2708.033329        -1761.472531        -360.9918438    
HW              63
     3.287901973         .2366730147        -2.310909271    
     5.327892448        -.1422754311        -10.05223474    
     526.4582019         472.2224454        -1004.247969    
OW              64
     6.634849637        -3.745308286        -7.462186578    
     8.637259240        -6.095059571         1.211311329    
    -2462.166989         1365.378392         868.9528723    
HW              65
     5.826681020        -3.168941334         7.443457838    
     27.83626108         20.88254109        -8.248346471    
     195.0674428        -1534.928697         1340.575084    
HW              66
     6.381630096        -4.704621711         7.439664996    
    -21.68217064         1.086045130        -.2162332834    
     1193.204773         1024.207387        -1122.622665    
OW              67
     6.381680816        -3.105469844         4.227386453    
    -.9972333989E-01     2.942590303         4.179497373    
    -488.4659190         1230.164500         1213.022820    
HW              68
     6.290843033        -3.316209951         5.200698896    
    -.4956430680         12.75245322         6.369879552    
    -656.9258885        -566.5702015        -253.8658750    
HW              69
     5.476285330        -3.094605923         3.802956253    
     1.106093704        -16.22828759         .2158087193    
     484.7751281         123.3966224        -133.3523796    
OW              70
    -4.575673543        -3.441956780         7.378362306    
    -2.188396654         1.249364589        -4.905503578    
     2877.984429         193.1358880        -1433.948482    
HW              71
    -3.624657512        -3.204500423         7.180415348    
    -3.194842565         14.37940008         4.678151032    
     92.96735300        -938.4130121        -73.37264957    
HW              72
    -5.052905257        -3.646138704         6.523634487    
     6.739877408         4.177449561        -10.73214854    
     177.8211386        -595.4080691         215.1372795    
OW              73
    -1.673175197         7.484112128        -6.064870826    
     2.372627682        -.6053289793        -1.298977478    
    -2021.351953        -3139.611755        -2515.112304    
HW              74
    -1.161071180         6.827501563        -6.618596433    
     9.510932613        -8.533175868         14.07518532    
     1328.658909         679.0925627         670.3566238    
HW              75
    -1.486968201         7.319820799        -5.096193728    
    -19.40449258         4.685737048         4.332373667    
     547.3339372         1953.890802        -496.8714017    
OW              76
     5.465436992        -5.147201326        -2.379709445    
    -3.385495126         .2168892385         2.673474718    
     100.3335434        -2526.220310         2221.495786    
HW              77
     6.030614516        -5.941338757        -2.156281335    
     18.01340588         23.05654942         40.41622085    
    -1137.903756         1821.894978        -935.9841777    
HW              78
     5.826243340        -4.701385838        -3.198896445    
     7.933562010        -8.211738743         2.830246136    
     170.0670745         1848.947279         1629.604017    
OW              79
    -7.434789785         2.356913395        -4.666557669    
     .2353504036         3.041005164         6.532482114    
    -485.8764258         1822.372203        -3470.977663    
HW              80
    -7.173017726         1.569260394        -5.224301473    
    -22.92489019        -.6476945209        -.1888284738    
     1083.737957        -256.3764500         2194.367206    
HW              81
     6.880774456         2.084580849        -4.018436440    
     1.392155954         15.54156462         13.36771024    
    -285.4806248         896.1820193        -431.8459010    
OW              82
    -2.219842451        -6.329262663         4.102828592    
    -.9983269306         4.719019850        -6.098624412    
    -2757.126283         2149.526360        -534.2778725    
HW              83
    -2.173554108        -5.421613828         3.685658375    
     7.841419369         9.741476175         5.256324032    
    -474.7956966        -666.8330377        -1076.764948    
HW              84
    -1.663506980        -6.968625964         3.572069305    
     5.415904853         9.649785661        -5.438376617    
     1348.317425        -99.14641021         1913.277649    
OW              85
     7.226364643        -6.551223857         3.819082483    
     8.729219345        -2.912125140         2.349499800    
     247.6175822         344.8947209         1671.573714    
HW              86
    -6.828935414        -6.348841234         3.942944288    
     5.783019270         14.17962500        -.1223596433E-01
    -295.2398330        -99.48118270         252.7252376    
HW              87
     6.977009521        -6.413760460         2.860476281    
     1.234812215         6.432269021         5.480033937    
     104.8614135        -2432.587986        -1.702595508    
OW              88
     2.232049418        -6.767242109        -3.722273716    
     4.998813185         1.678049847         5.397788273    
     2739.013215         989.0482407         850.9338428    
HW              89
     2.783291163        -6.261304380        -4.385718942    
    -11.46807055        -18.82213277        -26.47480381    
    -3587.748806         1198.462667         168.8747479    
HW              90
     2.539318238         7.308420994        -3.690106475    
    -21.42345096        -8.272938076        -7.029545114    
    -1599.985545         47.85240610        -2947.350936    
OW              91
     3.629483278        -1.833724914        -.1035877297    
    -7.768169375        -4.461774165         1.844295299    
     2195.663063        -592.7610039         1932.923358    
HW              92
     3.518962770        -1.726294984        -1.091638356    
    -5.854573511        -7.304736892         1.309032404    
     304.1626826         276.3095887         150.8107003    
HW              93
     4.103044340        -2.693590084         .8712625002E-01
    -1.021299422        -.1644709931         4.846665773    
    -700.0152606        -409.2840703        -24.19910612    
OW              94
    -.4423858684        -1.881859234         1.928007410    
    -4.617999997        -7.039711339        -.1629253368    
     304.1875236        -2180.882122        -3255.078867    
HW              95
    -.2501491712        -1.300862557         1.137129466    
     .2187271757         .6665244076         6.513864411    
     757.8174058        -1018.861097        -484.4942384    
HW              96
    -.7129214695        -2.792177273         1.614747830    
     13.60454477        -9.350300358        -10.60178318    
    -420.7618546         244.6837222         713.7845359    
OW              97
    -.2628212392         5.950634942        -1.578794220    
    -5.111798779         3.098906892        -2.743696693    
     1951.601165         6454.869123         166.1838387    
HW              98
    -.6243365370         6.641353057        -2.205065073    
    -3.566189115         27.55547706         21.45526194    
     1964.958551        -30.96203297         342.7367236    
HW              99
     .6730664872         6.191367570        -1.321574525    
     6.991970429        -25.11773974        -16.04886510    
     828.0761497        -2051.600334        -2872.603596    
OW             100
     6.943061851        -.2315610457        -.2952165444    
    -4.366323170         .1427764454        -3.650912466    
    -1058.160676        -793.3721866        -352.3483379    
HW             101
    -7.373208284        -.5232999178        -.9356211815    
    -7.926338979         10.79393682        -12.77758685    
     710.4197104         19.92098626         1219.218918    
HW             102
     6.191161300         .1906905142        -.8015259241    
    -1.268261903         21.31538573         8.230008967    
     1121.679050         174.5928984        -453.1945228    
OW             103
    -1.948084329         2.542996895         3.269611802    
     6.284549213         .9050781300         4.013473049    
     2871.006851        -2594.159389         1963.182169    
HW             104
    -1.725365342         2.535632024         4.244466672    
    -11.01705509        -21.98334562         8.654513642    
    -1621.205958         256.6210515        -242.6315863    
HW             105
    -2.875895619         2.893719753         3.142491014    
     8.097781038         2.921448965        -4.248726640    
     689.3825352         458.7433362        -1794.630153    
OW             106
     3.664642480        -3.190034422        -4.978563344    
     1.271225450         1.638759527         2.014015639    
    -3683.803481         404.0792053        -1218.223086    
HW             107
     4.403997264        -3.666565617        -4.502882217    
    -1.343238460        -6.620484915        -2.005754927    
     887.2959644         1371.155442        -762.4284773    
HW             108
     3.882726865        -3.124550685        -5.952293847    
    -.3610354174         4.923184842         1.855566080    
    -1308.340191         70.89480912        -306.3351818    
OW             109
     4.177516466         6.146465436         3.552155231    
    -1.996924621         3.035752023         4.657173801    
    -4448.739714         1029.216760        -1483.603607    
HW             110
     4.096793437         6.683232719         4.392015154    
    -4.445184384         14.69724157        -2.797413829    
    -2641.391051         970.2074761        -1037.379809    
HW             111
     4.980329550         5.553224960         3.611795008    
    -5.964101098        -1.356357128         17.85860754    
     1328.286155         2773.165554         1673.863616    
OW             112
    -.7289447193        -6.460368598        -3.150194006    
     2.812695893         5.618955555         5.585543288    
     2223.414867        -4312.714614        -37.77266150    
HW             113
    -.7106664093        -5.994204569        -2.265684530    
     .5642816287         7.072298317         4.874670601    
    -475.5806378         737.0159974        -518.0272737    
HW             114
     .2070398890        -6.654498966        -3.443871082    
     3.604307951         6.096165209         7.773958276    
     448.6408459         2433.358280        -728.7274372    
OW             115
    -6.442418622         6.379738807         6.374527659    
    -3.498110336         2.190400971         .4683309665    
     2239.126067        -1004.362450         953.1764655    
HW             116
    -7.382834495         6.678476283         6.536928129    
    -5.395794671         2.847415004        -10.91200598    
     334.1193025         689.0702775        -786.8819647    
HW             117
    -6.434747694         5.401555500         6.166925677    
     .3130304560        -1.443772644         16.38694403    
    -613.0149039         39.52514460         746.5785066    
OW             118
     .5948256816        -1.128267396         6.942707148    
    -1.298129152         3.036990968         1.133880941    
     458.9931380         3958.176762        -3323.134919    
HW             119
     .9527586275        -1.488992332         6.081451356    
    -4.436764638         5.649707539        -1.290845270    
    -767.9413007        -915.2048021        -16.76660394    
HW             120
    -.2408835547        -1.619613180         7.188001678    
     12.27201214        -14.39899965         15.22303243    
     1431.700231        -194.4444058         1761.933071    
OW             121
     6.556248224         5.415626030         4.117160780    
     4.559676951         3.764472016        -2.899624563    
     6974.440547        -94.59460327        -1493.423526    
HW             122
     6.780481559         6.389645437         4.085449327    
     9.241101292         2.467936012        -22.91758257    
     1029.699653        -561.6918810        -33.56089330    
HW             123
     7.284454957         4.891567730         3.675484586    
    -8.151804912        -6.599524158        -12.36730981    
     592.6363939        -1180.192467         2526.583044    
OW             124
    -.3650650510         1.327250245        -5.206272436    
    -6.563400141        -3.207494067        -1.379337883    
    -2760.828570         2880.787726        -1414.987307    
HW             125
    -1.286408831         1.003411642        -5.421340350    
     2.740717326        -26.56025461        -9.283062461    
     1047.832081        -1863.203501        -97.81020645    
HW             126
     .1095470118         1.567965259        -6.052912667    
     1.295390697        -11.42955790         .5323498195    
     1129.281815        -2888.606436        -215.1521175    
OW             127
    -3.695521669         1.278015483        -5.035467812    
    -1.864812145        -1.172124539         2.295095023    
     2981.413843         11245.08737         3224.652664    
HW             128
    -3.801670483         1.950629157        -5.767808776    
     35.94096300        -11.78665863        -15.45337738    
    -2072.215793        -1158.114693         1862.632512    
HW             129
    -3.528344131         .3759223716        -5.433311629    
    -3.578754218        -12.10488846         24.79406983    
    -2466.953189         605.1013556         727.2626176    
OW             130
    -.7277556400         4.021426992        -4.884784034    
    -2.779671582        -.3347286872         4.596734254    
    -3226.671755         1239.578121         1205.140528    
HW             131
    -.6989246389         3.044199430        -5.095010288    
     9.394927475         .8683302294        -.1395319856    
    -31.93802155        -158.7739998         2203.103998    
HW             132
     .2049256841         4.369514574        -4.790229316    
    -6.204496786         14.38498688        -10.88846042    
    -590.4740159         1098.307960        -2520.175074    
OW             133
     1.911614113         4.287971602        -5.845950192    
     .6877157664        -6.717356056        -5.203445079    
    -630.9961100         388.2216417         2581.359659    
HW             134
     2.332331130         3.404648226        -6.052679519    
     14.50657385         3.766839335        -25.25762383    
     1064.774289         1566.682739        -2283.252577    
HW             135
     2.545332304         4.840173022        -5.304216996    
     2.689352502        -.1480386355        -14.01234929    
    -89.17442529         824.2844262        -732.7101308    
OW             136
    -3.492645184        -1.234397832         1.027502450    
     .4119495300         3.737357002         9.937162374    
     1104.734224         332.7854897        -1923.033612    
HW             137
    -2.998950106        -.9237808166         1.839772262    
    -26.48684695         6.752293860         26.35955592    
    -1940.206856         240.5415558         74.15436786    
HW             138
    -3.442685156        -.5313318714         .3181349454    
     21.49841772         2.498811463         9.569463385    
    -368.1033895         807.2816458         1316.125500    
OW             139
    -.5787795282        -4.737174818         5.782833902    
     1.896160177        -.2732516513         11.08813170    
    -1287.811367        -354.5459824        -319.8773528    
HW             140
    -1.390401647        -5.183472410         5.405888273    
    -18.77537583         12.08579103         37.58409419    
     1129.427733         505.2165997         233.6269068    
HW             141
     .6781412683E-01    -5.432176860         6.097299827    
    -5.751816546        -10.67332745         4.492531568    
    -64.96672775         380.9588845         114.1967165    
OW             142
    -5.158047608        -.5289726675         4.075613880    
     1.349734854        -5.490799524        -1.120647361    
    -3249.587359        -242.4711967        -727.0591387    
HW             143
    -4.169836025        -.3766235876         4.090701356    
    -1.498385178         15.89737653         .2448720171    
    -602.9469512        -798.1222128        -1375.216082    
HW             144
    -5.476771158        -.7398338431         4.999709583    
     4.790038937        -15.21039802        -2.036678468    
     1319.485801        -1917.502754         20.17316981    
OW             145
     .5365996114        -1.095571411        -.6336872775    
    -.6620176912        -5.297337339        -1.265502062    
     532.8275024         3955.428283         2260.584122    
HW             146
     1.267039639        -.5587556561        -.2114477473    
    -1.228292593        -.5379828588        -6.224762403    
     236.5261620         426.6154109        -514.2205932    
HW             147
     .3613163368        -.7519725766        -1.556300753    
    -7.986317318        -7.514084495        -.7628983709    
    -1176.139395         468.7016771         483.1511427    
OW             148
     4.167691677        -1.374618359        -2.777837713    
     2.344575423         .5552042656         .3685260374    
    -591.5465976         516.1000228        -554.0957335    
HW             149
     3.794755602        -1.764366574        -3.619868010    
    -1.685271798         18.65679945        -6.689975718    
    -509.8678575        -544.4398363         979.9029006    
HW             150
     5.011375679        -1.853085409        -2.534390400    
    -12.32438198        -25.54431222         3.611320553    
    -713.3153822         262.9145413        -898.5457034    
OW             151
     7.236059151        -7.088851159         1.033484832    
     .8843798037         5.199567784         5.043431849    
    -2121.876287        -1118.354407        -3319.109062    
HW             152
     7.346058476        -6.272219015         .4669055376    
     1.264503209         7.353979879         8.196632755    
     2714.123312         844.9143396         1670.370594    
HW             153
    -7.269692780         7.183156358         .6348056388    
     10.55772558         9.779437236         8.695590082    
     649.9236060         283.8922815         354.8031002    
OW             154
     4.574687687        -7.383276071         1.163229468    
    -2.043068667         1.209218828         2.177699680    
    -1943.200678        -3362.760908        -3212.777147    
HW             155
     4.432860705         7.002179686         1.917309713    
    -5.125805380         4.698472838         4.601549887    
    -1028.419696         2407.059075         1875.938880    
HW             156
     5.552792439        -7.308443065         .9690359382    
    -.1686671248         9.102391511         13.64991672    
     248.5935717         918.7925070         2381.325496    
OW             157
    -3.540539718         .2864744847         6.322053387    
     2.430898316         1.232591010         3.493744977    
     397.3005253         1399.036656        -400.5729218    
HW             158
    -4.408173964         .7285408442         6.094483265    
     9.763834039         17.83781186         6.318869033    
     407.3408848         708.6858226         921.3256015    
HW             159
    -2.789078762         .9276485825         6.166482761    
     17.12663550        -20.16299218        -22.23297201    
    -387.9447066        -1386.192298        -679.5595364    
OW             160
    -.9320119628        -5.384160784        -.7588229294    
     4.580275308        -.5541199424        -2.578772063    
    -1782.309444         656.4636222         3896.768833    
HW             161
    -1.905163327        -5.231783711        -.5863188384    
    -.4994626227        -24.04976009        -7.037463963    
     917.5153692         1870.979202        -105.6603838    
HW             162
    -.4166253793        -4.565393204        -.5058479693    
    -17.37367129         17.24083494        -11.96299242    
     575.4989059        -538.8816409        -2764.209121    
OW             163
     4.542498698         1.775448143         3.677490573    
     2.808624999         5.316552983         .5669482187E-01
    -1289.687424         1000.328283         1290.201962    
HW             164
     4.916280730         2.095762093         4.547942167    
    -.3775800904         7.849971696         .5117802035    
    -23.51634559        -39.23895843         72.53589129    
HW             165
     3.827089870         1.098634415         3.851022692    
     11.51292401        -4.397783834        -.9664465575    
     451.2044984        -300.0514084         69.18135715    
OW             166
    -3.494726466        -.8741508448        -6.205927393    
    -1.428444821         3.770740248        -1.568064527    
     1310.146537        -10658.67152        -4201.291715    
HW             167
    -3.074706551        -.6879438469        -7.094133583    
     4.028577088        -6.837292650        -1.370695841    
    -2014.243942        -419.6786604        -969.8551609    
HW             168
    -3.836528413        -1.813778705        -6.189467674    
    -17.54057407         9.367173954         1.440114798    
     518.9072171        -483.2375244         35.39495942    
OW             169
    -5.008221487        -5.791655122         3.328201535    
    -1.854676992        -.4703987324        -4.374030822    
    -1024.340155         2337.545533         491.1064136    
HW             170
    -4.847611801        -5.866641111         2.344036081    
    -8.954493314        -17.13673050        -4.594258937    
    -525.9296311         326.6188600         269.7511072    
HW             171
    -4.192332190        -6.091329369         3.822691182    
     1.741705148         7.979202244        -5.016926811    
    -9.089637024        -414.7821092        -604.6661076    
OW             172
    -6.444634157         .9682067665E-01    -5.877772997    
     6.549279032         2.625347369        -6.288890263    
    -529.5624713         903.2898245         267.8195319    
HW             173
    -5.446039324         .9090966733E-01    -5.825109621    
     6.391822274         1.521358801        -3.226716258    
    -112.5986211         481.1092640         1602.411948    
HW             174
    -6.737448190        -.3822787142        -6.705253345    
     8.219784183        -7.992460457        -.9060048767    
     1416.562534        -795.0309054         118.0403950    
OW             175
     5.505659211         1.712698096        -2.957416588    
     3.484978382        -.5474478056        -3.351542037    
     2404.189757         1241.354920        -448.1915588    
HW             176
     4.508881881         1.694365094        -2.879321372    
     3.913101951        -6.631484201         1.451559221    
     263.9111614        -1505.004220         927.8705414    
HW             177
     5.869843359         2.458722782        -2.399906872    
     .5593359074         13.77911363        -19.75080779    
    -618.7172772        -405.4824653         204.4685117    
OW             178
     2.725957341         7.124119011        -.9294077747    
    -1.494641836         4.687595748         4.948061813    
    -118.2966724        -871.2719584         993.9360253    
HW             179
     3.506633540         7.280630133        -.3243879825    
     5.869873693         3.619705509        -4.054279005    
    -471.3736619         239.4762954         321.7348720    
HW             180
     3.026609459         7.177017173        -1.881673545    
    -13.62502914         10.23725117         1.226344067    
     389.0066528        -74.67856917         410.9859135    
OW             181
     3.792953553         3.599328883        -.6277659819    
    -2.714756490         5.376120141         3.149593615    
     2581.429678         3285.725936        -832.7219194    
HW             182
     3.526798663         4.241796327         .9084181407E-01
    -2.031972868        -5.810215770         13.73213537    
    -204.1823757        -1734.309385         1407.964838    
HW             183
     3.025983931         2.990811675        -.8313941055    
    -1.384326819         5.493849606        -2.370750105    
     565.9670477         164.5560611        -1437.006271    
OW             184
     .5261266996         4.491472344         1.639567752    
    -7.642399942         .8892416004         2.943172229    
     2080.783283         1000.275393        -2182.232138    
HW             185
     1.485845360         4.455819650         1.918259315    
    -6.370623019        -1.602109664        -1.651915592    
    -186.0035877        -1897.481724         583.8147120    
HW             186
     .3611289189         3.811279755         .9253452498    
    -6.842460781         18.07855897        -14.44463643    
    -1305.846843         455.5721822         704.3824849    
OW             187
     6.901999479         4.021674824        -6.954487556    
    -4.937515918        -1.614383688         2.472296205    
     917.0651180         2344.739552         1786.293630    
HW             188
     7.267344468         3.532593936        -6.162450354    
     8.789609633        -5.971415931        -6.195584177    
    -2120.582652        -430.0228048         252.8964784    
HW             189
     6.596994751         4.931376575        -6.672681159    
     9.496839855         .8915685905         11.01994644    
    -379.9899265        -164.9198662        -545.5327554    
OW             190
    -5.947861549         1.784579675         5.785779938    
    -7.548545499         2.381844197        -.4157364112    
     2264.756333         757.7033772        -1591.662927    
HW             191
    -5.787341284         2.546738682         5.158606196    
    -7.738049751        -1.941348637        -5.793398896    
    -1743.758542         607.2136550         209.2668661    
HW             192
    -6.533064118         1.105742738         5.342250483    
    -7.063442639        -1.088709178         4.181145724    
    -930.9580671         329.2998090         939.3444119    
OW             193
     1.053639552        -6.666396855         6.817626730    
     2.386772259         1.357950015        -7.224210396    
    -3968.026327         849.5727297        -413.9571660    
HW             194
     .9743032685        -6.137641181        -7.364057211    
     25.46305366         11.56166232        -10.67952880    
     1220.771278        -1560.288963         428.3639242    
HW             195
     .5975835324         7.477871182         6.932746403    
    -3.288068065         6.348599013         12.35289416    
     1956.776779        -509.8788878         78.67802817    
OW             196
    -3.284610260        -2.576798244        -3.182382207    
     1.262642654        -.5672375215         4.333279756    
     2393.288038         487.0518278         2502.853842    
HW             197
    -3.298090402        -1.600587251        -3.398785516    
    -24.51248277        -.8819344767         1.429131830    
    -905.3563256        -666.4987950        -372.3951147    
HW             198
    -2.534225743        -3.017009799        -3.675471318    
     11.72411544         17.07435232         3.655074370    
    -1537.516636         442.0642726        -1836.512581    
OW             199
     6.026837728         2.445614107         1.546971644    
     5.100425606        -3.780859501         .2184913698E-01
     1826.374432         200.8762063        -2200.801281    
HW             200
     5.502595007         2.290043777         2.384209633    
     17.51955151         12.08252135         11.38073369    
     1322.945434        -767.4130069        -147.7804497    
HW             201
     5.513028562         3.051889169         .9399867181    
     6.500118932         5.115380277         7.498544304    
    -493.6144650        -644.2334642        -16.33769478    
OW             202
    -5.985236074         3.841780605         3.776082388    
     3.124769846         .9108874248        -3.505500158    
     2053.550720        -228.3585567        -1030.479106    
HW             203
    -5.272852363         4.541213509         3.718610049    
    -6.858358729         11.93045182         2.426673336    
    -699.1257160         480.3273578        -596.2433145    
HW             204
    -6.030626132         3.340687342         2.911880275    
     6.148924880         11.99605980        -10.29675000    
     41.66117101        -354.4205288         373.2566253    
OW             205
    -6.548701983        -1.574895628         7.071753836    
     3.923481579         3.180251385         7.873022208    
    -3732.853888        -271.3318677        -73.21535124    
HW             206
    -5.649910638        -2.009535363         7.014636150    
    -9.898658244        -29.44981408         15.74392232    
    -1330.866681         663.5642675         530.9997782    
HW             207
    -7.219178013        -2.238486039         7.403581613    
    -24.27191993         25.04212568        -1.312891690    
     120.2311050         245.3630769        -2601.342119    
OW             208
     5.613831505         7.168116699        -6.359383328    
    -2.599710134        -.2167962495        -1.548220704    
    -1123.601250        -780.4389966        -570.1068525    
HW             209
     6.471366582        -7.467476503        -6.025263320    
     .6429165403        -8.514422565         .8733333138E-01
     397.8501974        -1124.270700        -105.4208960    
HW             210
     5.336530582        -7.387258277        -7.196591360    
     3.616661872         2.457613316        -2.156260388    
     28.72573295         773.9348671         439.3111899    
OW             211
    -2.640469068        -3.349384617         3.023465525    
     3.440831549         1.889756543         .9953143793    
     1213.723274        -2692.888400        -1215.370720    
HW             212
    -3.441497227        -3.365787777         2.425063627    
    -3.237894269        -18.52674129         9.605735545    
    -376.3225220         387.9435587         1376.651066    
HW             213
    -2.277203334        -2.418783958         3.068414687    
    -17.60668960         11.05158989        -5.888290582    
    -890.8243339        -444.1280091         1398.545551    
OW             214
    -2.280692736        -.3039206610         3.534896326    
     7.789892891        -1.201527398         4.294647868    
     520.9558939         320.1449034        -620.3033744    
HW             215
    -1.926691028         .5036812460         3.063237594    
     19.12209747        -5.660727473         4.851558106    
    -4194.287138         2525.019285         1994.510324    
HW             216
    -2.045555761        -.2526469673         4.505505217    
     15.34914883        -8.679723268         2.975955233    
    -1137.954301        -1299.227527         194.4088441    
OW             217
    -1.213809740        -3.615311600        -4.877707637    
     3.562697666         .8180011995        -.2801501469    
    -1988.767222         940.9748312         3940.931320    
HW             218
    -.3512844398        -3.124159385        -4.755971793    
     5.302871192        -6.398153727         20.46877727    
    -23.64309958        -838.4823801        -2720.682138    
HW             219
    -1.188651087        -4.467379760        -4.354881755    
    -8.844481116        -9.398269354        -15.40699566    
     2136.359001        -652.2746870        -1890.256252    
OW             220
     1.104897681        -2.171287640        -5.534682010    
     3.997620265         4.004357572        -2.781318859    
    -29.96751434        -1097.278873         4204.198281    
HW             221
     1.987654213        -2.626678131        -5.419094759    
    -1.055792099        -8.606543201        -11.61437461    
     39.41062093         813.2386608         659.3908939    
HW             222
     1.186410855        -1.458538865        -6.231348927    
     8.838489412         7.879316716         1.666426613    
    -638.1820209        -1867.125420        -1450.129331    
OW             223
     2.390849952         .6585312478         .5561417301    
    -1.963113763         3.950627769        -4.308853271    
    -856.6555263         3909.059867         6138.143881    
HW             224
     1.913900204         .9498496448         1.385389906    
    -3.869921595         10.05299630        -7.488259824    
    -137.0748782        -2153.805206         1023.789156    
HW             225
     3.185167236         .1047049461         .8058144924    
    -11.07675975        -7.129796562         1.040087519    
    -1077.154254        -1571.667113        -1014.136422    
OW             226
    -4.838003088        -5.065247807        -4.770199746    
    -.9792241006         1.840225290         .1955311455    
    -128.3735880        -559.5390882         1464.352569    
HW             227
    -5.465786720        -5.010075174        -3.993769647    
    -19.79021235        -1.853009519        -14.02256425    
    -1255.574225        -286.7572807        -1398.951983    
HW             228
    -4.884718498        -4.216755882        -5.297342167    
     10.17727363         3.563086349         1.735254445    
     420.7166197        -126.9334524         113.7160933    
OW             229
     2.834121580        -4.538589323        -1.986850484    
    -5.209208236        -2.868049130        -5.953572455    
     1006.403430        -2270.918342         399.9633103    
HW             230
     3.825477575        -4.575004628        -1.860805938    
    -7.153123749         4.004447120         15.27709429    
    -359.2838766        -361.1805338        -2304.657970    
HW             231
     2.543298208        -5.302274036        -2.563224873    
     10.92603944        -12.78935772        -1.600731821    
    -1537.733159         1134.315124         65.04734744    
OW             232
     .3221354337         .9685600622        -2.586412590    
    -1.735325731        -2.804342897        -2.181074287    
     538.0007367         9.560181779        -3610.286774    
HW             233
     1.302879218         1.094855824        -2.437446063    
    -5.714437053         23.14583969         7.200342876    
    -776.0960228         56.61183607         119.1856950    
HW             234
     .1185565555         1.061219547        -3.561076571    
     4.004638468         1.995163286        -2.981439216    
    -3.856719063        -254.1921530        -178.6790151    
OW             235
     5.706301757         2.370250056         6.265335650    
    -.4749254569E-01    -6.904376173        -.4845915673    
    -2402.734034         551.6844506        -2179.767009    
HW             236
     6.271944774         1.566318697         6.081644721    
    -10.46190414        -16.29805687         7.176277711    
     141.2118269         654.3016544        -350.2617615    
HW             237
     6.284728202         3.116195283         6.595469831    
     11.56574372        -6.745221182        -19.67683658    
    -887.7144157        -1019.855107         1523.184398    
OW             238
    -3.223649041         4.806783954        -3.605395276    
    -.7673118502        -4.235623176        -6.912779690    
     2317.932505         1261.312175        -745.7917866    
HW             239
    -3.506342524         5.725938140        -3.879694360    
    -24.72746563        -12.37375964        -11.89958388    
     135.5052640        -368.6534059         869.6053676    
HW             240
    -2.436492028         4.523013634        -4.152988419    
    -5.650719560         5.723928989        -19.60964857    
    -223.6334382         119.4640941        -107.1582058    
OW             241
    -1.655516165         2.153071608         6.056807027    
     .1095740663        -.4182599362        -5.247636049    
    -957.1684640        -317.8028785         1768.869405    
HW             242
    -2.201777630         2.781117978         6.611023755    
     11.33632798         14.87026552        -10.80666261    
     2053.411790         3245.735653        -1669.518243    
HW             243
    -.7833391157         1.978095891         6.513633803    
     7.977853556         9.472200578        -15.88776288    
     918.5623335         1252.256546        -1552.310984    
OW             244
    -5.889736461        -2.498927846         2.128485552    
     .3024601010         2.569356586        -.3263073116E-01
    -3776.487213         2197.117106        -832.3252182    
HW             245
    -5.778710947        -2.366930859         3.113498313    
     7.622746760         6.723956482        -1.341267836    
     1882.967835        -923.7567444        -187.2023405    
HW             246
    -5.445363831        -1.748254396         1.639586437    
     8.214940630        -6.273145347        -6.797088788    
     3512.177881        -2256.906368        -290.0345819    
OW             247
    -5.257692279         7.211360039        -1.238692303    
     1.209887937         3.083064623        -4.114397524    
     526.1560505         783.4550555         1612.549381    
HW             248
    -4.561562468         7.109981488        -1.949414248    
     1.677584723         5.953754131        -4.077613899    
    -1107.967952         313.1240693        -1036.165655    
HW             249
    -5.596620285         6.308793444        -.9731713858    
     3.316096707         1.811122992        -5.717244424    
    -936.3166187         87.80861731        -1056.913705    
OW             250
    -4.408245394        -5.908664794         .6637752142    
    -2.827540121         2.208888846        -8.492322840    
    -723.1976751        -1301.411204        -1864.767304    
HW             251
    -4.785478775        -6.531594640        -.2153741116E-01
    -4.600458843        -4.602615179        -1.468329310    
     696.7540590         388.7967032        -754.7204216    
HW             252
    -3.894754274        -5.182264869         .2069710686    
     1.217283860        -5.653925107        -16.76791474    
    -2340.093405         1769.435933         883.9453428    
OW             253
     2.888799195        -5.340159504         5.150030345    
    -1.833497959        -2.786623366         1.405508248    
     492.2591160        -1306.093939        -2205.301795    
HW             254
     2.016630401        -5.649945489         5.528651852    
    -15.37443558         21.49237512        -7.676629036    
     2212.206727        -417.5013657         1767.112961    
HW             255
     2.873532699        -5.437963902         4.154941785    
    -6.322378859         23.42535260        -1.818597310    
    -1157.992205         1744.627164         213.4466814    
OW             256
     .2362151269         .7389324341         2.603835032    
     3.369630178        -6.004608916        -4.140448176    
     3342.212282         6275.701998        -275.1707707    
HW             257
    -.3939825759        -.2010715105E-01     2.767266278    
     11.73018447        -11.39101338         4.095523752    
     2290.752688        -1400.570762        -954.0399277    
HW             258
    -.2619313110         1.604043953         2.662419963    
    -3.805891678        -10.27529479        -.7066257480    
    -2124.347412        -984.3862765         492.2332859    
OW             259
     7.032489323        -.9897851697        -3.806026530    
    -6.816685980         1.253187270        -2.706228245    
     1338.918434         5044.591837         2742.770224    
HW             260
    -7.395565581        -.6707641750        -4.540736896    
    -2.256360698        -14.55521612        -6.237438069    
    -297.3122766        -344.8092265        -96.33107911    
HW             261
     6.365224574        -.2778420837        -3.587177707    
    -3.625098685         9.048931353        -17.07583286    
     158.3075508         200.2864366        -353.4814446    
OW             262
    -4.222410600         6.553015361         4.215778326    
     7.407773226        -.9235750881         2.039168712    
     2201.927351        -4326.267442         2406.910771    
HW             263
    -3.465471417         7.126508610         4.529065053    
     7.284210846         1.135214317        -1.380458771    
     38.74899559         255.3460631        -582.8673164    
HW             264
    -4.811266759         6.325631163         4.991371555    
    -8.745558609         27.37093098        -.5609488390    
    -873.3780573         2546.129832        -670.9375918    
OW             265
     1.069925301        -3.642932820        -.2153531032    
     1.082488187        -3.514619758         .6726096308    
     372.5394219        -3510.475309         1903.323712    
HW             266
     .9505089866        -2.659838144        -.7655607287E-01
    -6.213169619        -3.473563938        -5.261852826    
    -1550.547184         99.80047231        -3412.429810    
HW             267
     1.768048565        -3.798334624        -.9142623983    
     .1375981232        -2.465970771        -.5092029657    
    -1471.781833        -1531.897236        -1070.709040    
OW             268
    -.4243514956         6.596722856         3.367036453    
    -5.658566958        -4.458414959        -2.393396060    
     674.1265679         519.4703588        -2110.123890    
HW             269
     .3360834901         6.470500216         4.004065877    
     3.526934483        -7.216515523        -13.56656644    
    -1119.136839         577.5051142         873.2231074    
HW             270
    -.6307507281         5.727284790         2.918174765    
     6.016327961         2.535578314        -22.62545042    
     895.8674168         797.0277161        -978.3528553    
OW             271
    -3.883349339         3.654608670         .8173609247    
    -3.816394520        -4.126852960        -1.355415768    
     2837.265891         1344.644869        -1526.146278    
HW             272
    -3.825673306         4.611832424         1.100903109    
     2.168743596         1.399476179        -19.80398600    
    -1090.817426        -534.3240199         510.6904711    
HW             273
    -4.836046167         3.352967187         .8545251531    
    -5.380740144         1.522239160         7.329006558    
     1098.851168        -2172.420035         2546.113952    
OW             274
    -3.459458977        -7.176191133        -3.560785493    
     .9792589735         9.681269306        -4.146333510    
    -1724.420831        -540.1692965         3396.426762    
HW             275
    -2.649697298        -6.977233009        -3.008787577    
    -3.362958391        -1.343024789         6.660054678    
     1654.076308         337.1733419        -3386.800544    
HW             276
    -3.877197202        -6.318530127        -3.860639432    
    -1.353336750         16.55751341         17.10031121    
    -418.8908233        -1440.000242        -1183.635358    
OW             277
    -7.199339350        -4.643660458        -.4048820150E-01
    -.5263226443E-01     3.638404457        -1.156701609    
     1715.136091        -152.9980734        -558.6981396    
HW             278
    -6.259339755        -4.734376798         .2884058782    
     5.156136831         .8551321991        -16.03693991    
    -191.7931509         502.2945203         126.1869101    
HW             279
     7.394881681        -3.856833768         .3997723345    
     4.424963236        -3.187781683         16.27844415    
    -11.41692824        -401.1984418        -304.7904223    
OW             280
    -6.116591494         2.322630138         1.211787008    
     6.636001159         3.878614137         2.716266884    
    -6262.399593         1992.118351         1601.628915    
HW             281
    -5.777701979         1.682949028         .5218870262    
     14.11359175         19.11387718        -8.327474788    
     315.8990501         2155.822933        -1118.553160    
HW             282
    -7.113558914         2.376170457         1.155312156    
     6.520694693        -1.429063544        -1.021945829    
    -559.7075271        -2092.217572         1481.443991    
OW             283
    -5.740612474        -1.177654115        -1.730743481    
    -5.378918709        -1.046333643         .5967966534    
    -2993.886156        -2167.000400        -4704.512532    
HW             284
    -5.096138763        -1.942025930        -1.750476108    
     4.046757371         6.711516778        -19.08624560    
     89.45676384         833.4719599         895.2322162    
HW             285
    -6.264376114        -1.161427597        -2.582452562    
     12.21748473         28.10972345        -11.18384444    
     48.38390994         169.8291826         1088.365309    
OW             286
     4.079245822        -2.791226395         7.373513675    
    -1.998223185        -.6895657002         5.246419418    
     1083.389249        -735.6076103        -688.3379833    
HW             287
     3.675370460        -3.227960377         6.569680277    
    -11.32372965        -10.06033058         14.69667506    
    -1260.914607        -1544.537723         1572.998552    
HW             288
     3.988897405        -1.798495971         7.293993369    
    -8.925056637        -1.807646841        -2.138453791    
     120.8111961        -236.9329070        -1748.517832    
OW             289
    -3.390377563        -3.599035053        -.4452659926    
     .4600110472E-01     1.244810525         2.557150665    
     2670.852584        -788.9082520        -2539.395060    
HW             290
    -3.141708142        -3.390145874        -1.391061342    
     22.31231723        -11.51251973         4.896135238    
    -1746.102389         545.7197490         375.3281780    
HW             291
    -3.464039173        -2.748494714         .7545956937E-01
     9.206660869         7.390229650        -5.818647509    
    -86.86141327        -968.5376348         814.1785621    
OW             292
     .9925360025E-01     2.351666041        -.3061559128    
     1.967007888         2.578728184        -2.249630476    
     3006.379228         1846.990127         1029.303316    
HW             293
     .7167995827         1.848484941         .2983651799    
    -10.39983179        -7.170964771         2.716607111    
    -1042.512622        -1021.597186         94.84895917    
HW             294
     .1262276512         1.948108546        -1.220712505    
     13.90627562         11.66427111        -6.167857222    
    -923.4748286        -639.3208881         726.8990261    
OW             295
     3.735588653         6.097333565        -4.188204031    
     1.184467701         6.094715964         7.345652211    
    -220.6243510        -2793.805171        -3651.421458    
HW             296
     4.201037481         6.368253226        -5.030795235    
    -5.788005241        -10.13132217        -2.198439131    
     694.1100777         241.7594622         876.8467794    
HW             297
     4.389151354         5.655068150        -3.573991437    
     9.829055241         31.51906382         17.79763646    
     212.0999342         2652.158612         748.5801369    
OW             298
     3.620198578         2.256724618        -6.759037787    
    -2.762238981         .6854677698         2.117323037    
     1941.334168        -2804.766733        -1842.577204    
HW             299
     4.225394083         2.587421846        -7.483177106    
    -2.486588533         6.668145118         5.019062757    
     270.1643367         399.3466054         307.5838971    
HW             300
     4.167521710         1.966998785        -5.973864978    
    -3.848156369         17.05031609         9.318953418    
    -494.2847509         989.9477790         456.6998262    
OW             301
    -6.716977560         7.028388615        -4.883111805    
    -.7991702873        -.4047813881E-01    -.4918303294    
    -2524.685219         494.0854816        -254.5675263    
HW             302
    -6.526610882         6.231568990        -4.309666933    
    -14.24229456        -5.235374790        -2.877764171    
     895.8293950         558.0584011        -119.6392209    
HW             303
    -7.217158350        -7.316045089        -4.349937806    
     18.49984098         11.17925295         4.225257986    
     2491.448022         574.2736790         1248.959849    
K              304
    -4.513884318        -7.164227688        -6.655706558    
     2.407171290        -1.986228527         2.069824379    
     768.6297328        -351.8011312        -803.6150004    
OW             305
    -2.642619706         1.463036505        -2.541834739    
    -4.713834196        -.9009397425         1.239171340    
    -352.7246854        -2925.098115         160.1118712    
HW             306
    -3.123088843         1.369982459        -3.413895725    
    -11.87116001         3.103234203         4.665263929    
     649.7841511         1193.371115        -408.6938231    
HW             307
    -1.801529354         .9226622027        -2.565554875    
    -21.41038179        -28.98292658         3.920241177    
    -551.8737914         1158.336011         195.7644007    
K              308
    -2.021614472         3.983207200        -1.139373261    
    -.4400353582        -3.178569403         .9377650583    
    -1992.250224        -2411.597995         1653.259093    
OW             309
     6.694645004        -.3559564550E-01     5.366281750    
     5.948701839         .6529251623         1.821414039    
     1069.227431        -1510.515170         2115.107793    
HW             310
     7.277578697        -.5230484715         6.016341796    
     3.152549264        -10.95456473        -4.103544475    
     513.2571160        -1346.455463        -1353.619675    
HW             311
     5.736535492        -.2590969929         5.545372007    
     5.322700232        -5.197292472        -8.091229949    
     226.9938154         436.2475308         714.6634141    
K              312
     6.833201159        -.6771018607         2.477694513    
     2.494066961         .2148937458         .6513969132    
     4074.791265         1550.366801         1953.167260    
OW             313
     2.455716893        -4.715229036         1.791326368    
    -2.788757562         .6705626287         2.605420066    
    -39.66626386        -2371.743655         1447.045644    
HW             314
     2.045989892        -4.499126225         .9050852212    
    -4.393279469        -8.818336275         .9264171888    
    -1882.033336         2895.575203         1974.189242    
HW             315
     3.265415134        -4.145451601         1.931834176    
     6.598415388        -8.400368125        -11.99324927    
    -233.8300055        -809.4862849         1091.407328    
K              316
     .7990161239        -6.974943722         .8141147415    
     .8805340988        -2.195294479         .3932507842    
    -295.6662938        -1273.791261         4085.272774    
