1.042356957938522683e+05
1.046001013593332464e+05
1.077200212037316087e+05
1.112925294869503123e+05
1.108595007942472876e+05
1.127481551898285397e+05
1.157173306107151875e+05
1.243318743821354292e+05
1.238137999729209114e+05
1.247866139528340282e+05
1.282009271879762964e+05
1.309526159778773726e+05
1.363353955118909944e+05
1.341837722945373971e+05
1.348993291888416570e+05
1.445829687827763846e+05
1.389527022217628837e+05
1.440331218002083478e+05
1.421244390602874628e+05
1.480212524901796423e+05
1.543894032894836564e+05
1.614744790840140486e+05
1.598990802153681288e+05
1.617460502205942757e+05
1.695652215272756002e+05
1.670605692593661079e+05
1.680269084387870680e+05
1.695555698403047863e+05
1.733574341386584565e+05
1.770256705016035994e+05
1.819238835688885883e+05
1.866014087435846741e+05
1.908236351352419588e+05
1.968492789758920844e+05
2.056822819244702696e+05
2.107268672375260794e+05
2.178042268453144352e+05
2.196567306977624830e+05
2.265064224376736092e+05
2.289512565504804661e+05
2.345308104641501268e+05
2.348329948453397374e+05
2.413691089735195274e+05
2.425320268472227908e+05
2.453530802054215455e+05
2.488419600185934978e+05
2.687973798814625479e+05
2.702313560137909953e+05
2.702942807326302864e+05
2.712730655411925982e+05
2.770879519725627615e+05
2.780030768866087892e+05
2.755575052470691735e+05
2.777921695273974328e+05
2.816284992375409347e+05
2.801995243659531698e+05
2.786121779735884047e+05
2.827576191200890462e+05
2.928381908184852218e+05
2.974697594496601378e+05
3.031654561215614085e+05
3.045812944224319072e+05
3.099508777201552875e+05
3.111810001280478900e+05
3.158279590416580904e+05
3.206804301031916984e+05
3.216962552324263961e+05
3.244750709291941603e+05
3.357500778204201488e+05
3.417304931802228093e+05
3.517260821268176660e+05
3.690337190973476972e+05
3.837891878931900719e+05
3.923414464211111190e+05
3.988640873606497189e+05
4.025541842515440658e+05
4.144688988773230813e+05
4.187535357864964171e+05
4.186311567951617762e+05
4.155160766730959876e+05
4.168137161240861169e+05
4.204517233733658213e+05
4.214710486064481083e+05
4.252344646648920607e+05
4.264925224224871490e+05
4.296214470210348954e+05
4.313078687338972231e+05
4.298951412650960265e+05
4.293054941524588503e+05
4.348734872334979009e+05
4.346031703649825067e+05
4.380490084305590717e+05
